great_salt_lake champlain winnebago salton_sea manitoba pontchartrain lower_red okeechobee tahoe oneida flathead mille_lacs_lake sebago winnipesaukee mono goose marion moultrie sakakawea mead upper_klamath mcconaugh nipigon
20190101 0.003 0.107 0.000 0.821 0.000   NaN 0.000 0.822 0.812 0.000 0.000 0.000 0.750   NaN 0.800 0.000 0.000 0.062 0.000   NaN 0.000   NaN 0.000
20190102 0.044 0.027 0.000 0.821 0.000   NaN 0.000 0.808 0.812 0.000 0.000 0.000 0.750   NaN 0.800 0.000 0.000 0.000 0.112   NaN 0.062   NaN 0.000
20190103 0.003 0.000 0.000 0.821 0.000   NaN 0.000 0.219 0.812 0.000 0.000 0.000 0.667   NaN 0.867 0.000 0.000 0.000 0.000   NaN 0.000   NaN 0.000
20190104 0.000 0.232 0.000 0.804 0.000   NaN 0.000 0.822 0.688 0.000 0.000 0.000 0.167   NaN 0.667 0.000 0.000 0.000 0.012   NaN 0.000   NaN 0.000
20190105 0.000 0.000 0.000 0.000 0.000   NaN 0.000 0.671 0.125 0.000 0.000 0.000 0.000   NaN 0.000 0.029 0.679 0.812 0.000   NaN 0.000   NaN 0.000
20190106 0.000 0.000 0.000 0.161 0.000   NaN 0.000 0.863 0.000 0.000 0.000 0.000 0.000   NaN 0.800 0.000 0.643 0.812 0.000   NaN 0.000   NaN 0.000
20190107 0.000 0.000 0.000 0.768 0.000   NaN 0.000 0.877 0.406 0.000 0.000 0.000 0.833   NaN 0.267 0.000 0.607 0.688 0.141   NaN 0.000   NaN 0.000
20190108 0.079 0.009 0.000 0.536 0.000   NaN 0.000 0.849 0.000 0.000 0.179 0.000 0.000   NaN 0.000 0.000 0.464 0.312 0.118   NaN 0.000   NaN 0.000
20190109 0.328 0.000 0.000 0.839 0.000   NaN 0.000 0.000 0.000 0.000 0.000 0.000 0.000   NaN 0.267 0.000 0.571 0.688 0.000   NaN 0.156   NaN 0.000
20190110 0.000 0.000 0.000 0.804 0.000   NaN 0.000 0.836 0.844 0.000 0.462 0.000 0.000   NaN 0.667 0.000 0.679 0.812 0.000   NaN 0.000   NaN 0.000
20190111 0.000 0.330 0.000 0.018 0.000   NaN 0.000 0.849 0.031 0.000 0.000 0.000 0.833   NaN 0.000 0.000 0.643 0.812 0.000   NaN 0.000   NaN 0.000
20190112 0.000 0.277 0.000 0.161 0.000   NaN 0.000 0.781 0.000 0.000 0.000 0.000 0.750   NaN 0.667 0.000 0.000 0.000 0.000   NaN 0.500   NaN 0.000
20190113 0.000 0.143 0.000 0.857 0.000   NaN 0.000 0.849 0.750 0.000 0.000 0.000 0.417   NaN 0.467 0.000 0.000 0.000 0.000   NaN 0.469   NaN 0.000
20190114 0.006 0.000 0.000 0.000 0.000   NaN 0.000 0.836 0.625 0.000 0.000 0.000 0.500   NaN 0.000 0.000 0.000 0.000 0.000   NaN 0.438   NaN 0.000
20190115 0.000 0.000 0.000 0.000 0.000   NaN 0.000 0.863 0.000 0.000 0.000 0.000 0.000   NaN 0.333 0.000 0.000 0.000 0.000   NaN 0.062   NaN 0.000
20190116 0.073 0.009 0.000 0.000 0.000   NaN 0.000 0.808 0.094 0.000 0.000 0.000 0.500   NaN 0.733 0.000 0.643 0.812 0.000   NaN 0.000   NaN 0.000
20190117 0.000 0.080 0.000 0.036 0.000   NaN 0.000 0.849 0.000 0.000 0.000 0.000 0.500   NaN 0.400 0.000 0.036 0.438 0.000   NaN 0.281   NaN 0.000
20190118 0.000 0.000 0.000 0.696 0.000   NaN 0.000 0.877 0.000 0.000 0.026 0.000 0.000   NaN 0.867 0.000 0.000 0.000 0.000   NaN 0.000   NaN 0.000
20190119 0.000 0.000 0.000 0.804 0.000   NaN 0.000 0.849 0.000 0.000 0.000 0.000 0.000   NaN 0.000 0.000 0.000 0.062 0.000   NaN 0.000   NaN 0.000
20190120 0.000 0.000 0.000 0.000 0.000   NaN 0.000 0.548 0.000 0.000 0.000 0.000 0.000   NaN 0.000 0.000 0.607 0.000 0.000   NaN 0.000   NaN 0.000
20190121 0.000 0.000 0.000 0.857 0.000   NaN 0.000 0.836 0.250 0.000 0.000 0.000 0.000   NaN 0.400 0.000 0.679 0.750 0.000   NaN 0.656   NaN 0.000
20190122 0.199 0.134 0.000 0.786 0.000   NaN 0.000 0.863 0.625 0.000 0.000 0.000 0.500   NaN 0.733 0.000 0.679 0.688 0.000   NaN 0.438   NaN 0.000
20190123 0.000 0.000 0.000 0.804 0.000   NaN 0.000 0.301 0.812 0.000 0.000 0.000 0.000   NaN 0.867 0.000 0.000 0.000 0.000   NaN 0.344   NaN 0.000
20190124 0.177 0.000 0.000 0.839 0.000   NaN 0.000 0.000 0.812 0.000 0.051 0.000 0.000   NaN 0.800 0.000 0.000 0.000 0.000   NaN 0.344   NaN 0.000
20190125 0.215 0.080 0.000 0.821 0.000   NaN 0.000 0.507 0.750 0.000 0.000 0.000 0.500   NaN 0.800 0.000 0.679 0.750 0.000   NaN 0.375   NaN 0.000
20190126 0.413 0.036 0.000 0.821 0.000   NaN 0.000 0.110 0.000 0.000 0.590 0.000 0.000   NaN 0.000 0.000 0.679 0.750 0.000   NaN 0.000   NaN 0.000
20190127 0.382 0.000 0.000 0.768 0.000   NaN 0.000 0.000 0.812 0.000 0.692 0.000 0.250   NaN 0.933 0.000 0.000 0.000 0.000   NaN 0.250   NaN 0.000
20190128 0.565 0.152 0.000 0.232 0.000   NaN 0.000 0.000 0.000 0.000 0.846 0.000 0.500   NaN 0.200 0.000 0.571 0.562 0.000   NaN 0.000   NaN 0.000
20190129 0.129 0.000 0.000 0.161 0.000   NaN 0.000 0.836 0.344 0.000 0.410 0.000 0.000   NaN 0.000 0.059 0.500 0.000 0.000   NaN 0.469   NaN 0.000
20190130 0.473 0.000 0.000 0.000 0.000   NaN 0.000 0.630 0.781 0.000 0.000 0.000 0.000   NaN 0.867 0.235 0.607 0.750 0.000   NaN 0.656   NaN 0.000
20190131 0.530 0.000 0.000 0.821 0.000   NaN 0.000 0.205 0.812 0.000 0.000 0.000 0.083   NaN 0.933 0.294 0.607 0.688 0.000   NaN 0.594   NaN 0.000
20190201 0.555 0.027 0.000 0.839 0.000   NaN 0.000 0.438 0.000 0.000 0.000 0.000 0.083   NaN 0.067 0.000 0.321 0.062 0.000   NaN 0.000   NaN 0.000
20190202 0.000 0.000 0.000 0.321 0.000   NaN 0.000 0.836 0.000 0.000 0.000 0.000 0.000   NaN 0.000 0.029 0.607 0.688 0.000   NaN 0.000   NaN 0.000
20190203 0.180 0.000 0.000 0.821 0.000   NaN 0.000 0.808 0.000 0.000 0.000 0.000 0.000   NaN 0.667 0.059 0.000 0.000 0.000   NaN 0.000   NaN 0.000
20190204 0.164 0.018 0.000 0.821 0.000   NaN 0.000 0.041 0.000 0.824 0.000 0.000 0.000   NaN 0.667 0.000 0.643 0.812 0.000   NaN 0.000   NaN 0.000
20190205 0.003 0.089 0.000 0.750 0.000   NaN 0.000 0.836 0.125 0.000 0.000 0.000 0.500   NaN 0.000 0.000 0.536 0.562 0.000   NaN 0.000   NaN 0.000
20190206 0.000 0.000 0.000 0.804 0.000   NaN 0.000 0.863 0.438 0.000 0.000 0.000 0.167   NaN 0.800 0.000 0.571 0.625 0.000   NaN 0.531   NaN 0.000
20190207 0.397 0.000 0.000 0.804 0.000   NaN 0.000 0.863 0.156 0.000 0.077 0.000 0.000   NaN 0.067 0.000 0.571 0.812 0.000   NaN 0.000   NaN 0.000
20190208 0.000 0.473 0.000 0.857 0.000   NaN 0.000 0.466 0.250 0.059 0.000 0.000 0.000   NaN 0.000 0.000 0.357 0.500 0.000   NaN 0.000   NaN 0.000
20190209 0.000 0.179 0.000 0.000 0.000   NaN 0.000 0.863 0.031 0.000 0.000 0.000 0.333   NaN 0.867 0.000 0.000 0.625 0.000   NaN 0.000   NaN 0.000
20190210 0.473 0.000 0.000 0.839 0.000   NaN 0.000 0.863 0.094 0.000 0.000 0.000 0.333   NaN 0.000 0.000 0.000 0.312 0.000   NaN 0.000   NaN 0.000
20190211 0.211 0.018 0.000 0.804 0.000   NaN 0.000 0.479 0.812 0.000 0.103 0.000 0.000   NaN 0.467 0.000 0.000 0.000 0.000   NaN 0.000   NaN 0.000
20190212 0.000 0.000 0.000 0.786 0.000   NaN 0.000 0.315 0.250 0.000 0.000 0.000 0.000   NaN 0.000 0.000 0.000 0.000 0.000   NaN 0.000   NaN 0.000
20190213 0.000 0.000 0.000 0.000 0.000   NaN 0.000 0.000 0.000 0.000 0.000 0.000 0.000   NaN 0.000 0.000 0.000 0.000 0.000   NaN 0.000   NaN 0.000
20190214 0.000 0.009 0.000 0.000 0.000   NaN 0.000 0.849 0.000 0.000 0.000 0.000 0.083   NaN 0.000 0.000 0.679 0.812 0.000   NaN 0.312   NaN 0.000
20190215 0.650 0.000 0.000 0.000 0.000   NaN 0.000 0.849 0.094 0.000 0.000 0.000 0.000   NaN 0.000 0.000 0.000 0.250 0.000   NaN 0.000   NaN 0.000
20190216 0.609 0.000 0.000 0.839 0.000   NaN 0.000 0.589 0.000 0.000 0.000 0.000 0.000   NaN 0.733 0.000 0.000 0.000 0.000   NaN 0.281   NaN 0.000
20190217 0.035 0.000 0.000 0.804 0.000   NaN 0.000 0.822 0.000 0.000 0.000 0.000 0.000   NaN 0.000 0.000 0.000 0.000 0.000   NaN 0.000   NaN 0.000
20190218 0.208 0.000 0.000 0.839 0.000   NaN 0.000 0.849 0.719 0.000 0.077 0.000 0.000   NaN 0.067 0.000 0.000 0.000 0.000   NaN 0.062   NaN 0.000
20190219 0.145 0.000 0.000 0.821 0.000   NaN 0.000 0.603 0.781 0.000 0.000 0.000 0.000   NaN 0.800 0.000 0.000 0.000 0.000   NaN 0.000   NaN 0.000
20190220 0.000 0.000 0.000 0.232 0.000   NaN 0.000 0.575 0.594 0.000 0.564 0.000 0.000   NaN 0.733 0.000 0.000 0.000 0.000   NaN 0.156   NaN 0.000
20190221 0.271 0.000 0.000 0.375 0.000   NaN 0.000 0.644 0.125 0.000 0.462 0.000 0.000   NaN 0.067 0.000 0.500 0.250 0.000   NaN 0.000   NaN 0.000
20190222 0.385 0.000 0.000 0.839 0.000   NaN 0.000 0.507 0.781 0.000 0.026 0.000 0.000   NaN 0.800 0.000 0.000 0.000 0.000   NaN 0.000   NaN 0.000
20190223 0.000 0.000 0.000 0.839 0.000   NaN 0.000 0.534 0.000 0.000 0.000 0.000 0.000   NaN 0.733 0.000 0.000 0.000 0.000   NaN 0.000   NaN 0.000
20190224 0.341 0.000 0.000 0.000 0.000   NaN 0.000 0.055 0.594 0.000 0.000 0.000 0.000   NaN 0.867 0.000 0.000 0.000 0.000   NaN 0.000   NaN 0.000
20190225 0.009 0.000 0.000 0.804 0.000   NaN 0.000 0.027 0.719 0.000 0.000 0.000 0.000   NaN 0.733 0.000 0.607 0.750 0.000   NaN 0.000   NaN 0.000
20190226 0.000 0.000 0.000 0.036 0.000   NaN 0.000 0.438 0.000 0.000 0.000 0.000 0.000   NaN 0.467 0.000 0.000 0.000 0.000   NaN 0.000   NaN 0.000
20190227 0.000 0.000 0.000 0.821 0.000   NaN 0.000 0.753 0.656 0.000 0.000 0.000 0.000   NaN 0.867 0.088 0.000 0.000 0.000   NaN 0.031   NaN 0.000
20190228 0.076 0.000 0.000 0.768 0.000   NaN 0.000 0.493 0.250 0.000 0.000 0.000 0.000   NaN 0.800 0.000 0.286 0.562 0.000   NaN 0.000   NaN 0.000
20190301 0.637 0.000 0.000 0.125 0.000   NaN 0.000 0.342 0.000 0.000 0.000 0.000 0.000   NaN 0.800 0.000 0.000 0.000 0.000   NaN 0.250   NaN 0.000
20190302 0.032 0.000 0.000 0.589 0.000   NaN 0.000 0.849 0.000 0.000 0.359 0.000 0.000   NaN 0.000 0.000 0.607 0.062 0.000   NaN 0.000   NaN 0.000
20190303 0.492 0.000 0.000 0.643 0.000   NaN 0.000 0.397 0.219 0.000 0.436 0.000 0.000   NaN 0.800 0.029 0.000 0.000 0.000   NaN 0.000   NaN 0.000
20190304 0.205 0.000 0.000 0.000 0.000   NaN 0.000 0.603 0.625 0.000 0.051 0.000 0.000   NaN 0.867 0.000 0.000 0.000 0.000   NaN 0.406   NaN 0.000
20190305 0.379 0.000 0.000 0.821 0.000   NaN 0.000 0.288 0.000 0.000 0.000 0.000 0.000   NaN 0.000 0.000 0.000 0.000 0.000   NaN 0.000   NaN 0.000
20190306 0.000 0.000 0.000 0.804 0.000   NaN 0.000 0.808 0.000 0.000 0.000 0.000 0.000   NaN 0.000 0.000 0.679 0.750 0.000   NaN 0.000   NaN 0.000
20190307 0.618 0.000 0.000 0.839 0.000   NaN 0.000 0.849 0.312 0.000 0.051 0.000 0.000   NaN 0.867 0.000 0.607 0.688 0.000   NaN 0.656   NaN 0.000
20190308 0.003 0.000 0.000 0.839 0.000   NaN 0.000 0.630 0.656 0.000 0.000 0.000 0.000   NaN 0.800 0.000 0.000 0.000 0.000   NaN 0.125   NaN 0.000
20190309 0.028 0.000 0.000 0.554 0.000   NaN 0.000 0.726 0.281 0.000 0.051 0.000 0.000   NaN 0.867 0.000 0.000 0.000 0.000   NaN 0.062   NaN 0.000
20190310 0.000 0.000 0.000 0.000 0.000   NaN 0.000 0.822 0.750 0.000 0.103 0.000 0.000   NaN 0.600 0.029 0.500 0.750 0.000   NaN 0.000   NaN 0.000
20190311 0.719 0.000 0.000 0.000 0.000   NaN 0.000 0.589 0.688 0.000 0.000 0.000 0.000   NaN 0.000 0.059 0.000 0.000 0.000   NaN 0.656   NaN 0.000
20190312 0.382 0.000 0.000 0.321 0.000   NaN 0.000 0.000 0.781 0.000 0.000 0.000 0.000   NaN 0.800 0.000 0.250 0.000 0.000   NaN 0.344   NaN 0.000
20190313 0.000 0.000 0.000 0.804 0.000   NaN 0.000 0.164 0.781 0.000 0.000 0.000 0.000   NaN 0.867 0.000 0.643 0.750 0.000   NaN 0.656   NaN 0.000
20190314 0.659 0.000 0.838 0.679 0.000   NaN 0.000 0.849 0.031 0.000 0.128 0.000 0.000   NaN 0.867 0.000 0.643 0.812 0.000   NaN 0.000   NaN 0.000
20190315 0.694 0.527 0.000 0.393 0.000   NaN 0.000 0.726 0.844 0.235 0.000 0.000 0.000   NaN 0.800 0.235 0.321 0.688 0.000   NaN 0.688   NaN 0.000
20190316 0.703 0.009 0.000 0.821 0.000   NaN 0.000 0.000 0.812 0.000 0.000 0.000 0.000   NaN 0.867 0.147 0.000 0.000 0.000   NaN 0.281   NaN 0.000
20190317 0.694 0.000 0.000 0.804 0.000   NaN 0.000 0.274 0.719 0.000 0.103 0.000 0.000   NaN 0.867 0.029 0.000 0.000 0.000   NaN 0.688   NaN 0.000
20190318 0.442 0.000 0.000 0.804 0.000   NaN 0.000 0.000 0.844 0.000 0.282 0.000 0.000   NaN 0.000 0.353 0.643 0.750 0.000   NaN 0.719   NaN 0.000
20190319 0.697 0.000 0.000 0.661 0.000   NaN 0.000 0.000 0.000 0.000 0.333 0.000 0.000   NaN 0.000 0.088 0.000 0.000 0.000   NaN 0.031   NaN 0.000
20190320 0.552 0.000 0.000 0.000 0.000   NaN 0.000 0.014 0.000 0.000 0.256 0.000 0.000   NaN 0.000 0.029 0.000 0.000 0.000   NaN 0.312   NaN 0.000
20190321 0.000 0.000 0.000 0.732 0.003   NaN 0.000 0.315 0.406 0.000 0.256 0.000 0.000   NaN 0.000 0.000 0.429 0.438 0.000   NaN 0.219   NaN 0.000
20190322 0.000 0.000 0.108 0.804 0.000   NaN 0.000 0.849 0.000 0.000 0.282 0.000 0.000   NaN 0.000 0.000 0.571 0.750 0.000   NaN 0.000   NaN 0.000
20190323 0.006 0.009 0.000 0.821 0.000   NaN 0.000 0.781 0.000 0.000 0.256 0.000 0.000   NaN 0.133 0.000 0.571 0.688 0.000   NaN 0.000   NaN 0.000
20190324 0.003 0.143 0.000 0.786 0.000   NaN 0.000 0.699 0.719 0.000 0.000 0.000 0.000   NaN 0.933 0.000 0.679 0.688 0.000   NaN 0.438   NaN 0.000
20190325 0.672 0.143 0.189 0.804 0.000   NaN 0.000 0.849 0.000 0.000 0.436 0.000 0.000   NaN 0.600 0.029 0.536 0.188 0.000   NaN 0.000   NaN 0.000
20190326 0.000 0.143 0.108 0.000 0.000   NaN 0.000 0.192 0.125 0.000 0.000 0.000 0.000   NaN 0.667 0.000 0.000 0.000 0.006   NaN 0.000   NaN 0.000
20190327 0.006 0.134 0.000 0.000 0.000   NaN 0.000 0.534 0.000 0.000 0.000 0.000 0.000   NaN 0.067 0.000 0.679 0.750 0.000   NaN 0.000   NaN 0.000
20190328 0.707 0.000 0.000 0.821 0.003   NaN 0.000 0.658 0.719 0.000 0.000 0.000 0.000   NaN 0.867 0.000 0.643 0.812 0.082   NaN 0.375   NaN 0.000
20190329 0.189 0.000 0.027 0.804 0.000   NaN 0.000 0.808 0.844 0.000 0.205 0.000 0.000   NaN 0.867 0.324 0.679 0.812 0.000   NaN 0.406   NaN 0.000
20190330 0.713 0.000 0.000 0.839 0.000   NaN 0.000 0.342 0.844 0.000 0.615 0.000 0.000   NaN 0.933 0.441 0.000 0.000 0.041   NaN 0.844   NaN 0.000
20190331 0.700 0.000 0.243 0.821 0.000   NaN 0.000 0.822 0.781 0.000 0.513 0.000 0.500   NaN 0.867 0.294 0.000 0.000 0.053   NaN 0.812   NaN 0.000
20190401 0.558 0.277 0.000 0.250 0.003   NaN 0.000 0.534 0.000 0.000 0.513 0.000 0.000   NaN 0.000 0.000 0.000 0.000 0.024   NaN 0.000   NaN 0.000
20190402 0.000 0.000 0.000 0.804 0.003   NaN 0.000 0.315 0.062 0.000 0.667 0.000 0.000   NaN 0.733 0.000 0.000 0.000 0.006   NaN 0.312   NaN 0.000
20190403 0.006 0.518 0.378 0.607 0.003   NaN 0.000 0.836 0.562 0.059 0.000 0.000 0.000   NaN 0.800 0.000 0.643 0.750 0.088   NaN 0.250   NaN 0.000
20190404 0.293 0.384 0.000 0.821 0.000   NaN 0.000 0.000 0.000 0.176 0.000 0.000 0.417   NaN 0.000 0.000 0.464 0.625 0.441   NaN 0.000   NaN 0.000
20190405 0.259 0.000 0.000 0.804 0.003   NaN 0.000 0.589 0.000 0.000 0.000 0.000 0.500   NaN 0.400 0.000 0.000 0.000 0.000   NaN 0.000   NaN 0.000
20190406 0.262 0.045 0.000 0.804 0.000   NaN 0.012 0.699 0.000 0.000 0.000 0.000 0.833   NaN 0.000 0.000 0.000 0.000 0.000   NaN 0.000   NaN 0.000
20190407 0.174 0.000 0.757 0.839 0.000   NaN 0.000 0.466 0.281 0.000 0.000 0.000 0.000   NaN 0.867 0.000 0.000 0.000 0.500   NaN 0.000   NaN 0.000
20190408 0.177 0.000 0.865 0.518 0.000   NaN 0.000 0.726 0.031 0.000 0.000 0.000 0.000   NaN 0.000 0.000 0.393 0.500 0.194   NaN 0.000   NaN 0.000
20190409 0.013 0.000 0.757 0.250 0.009   NaN 0.000 0.055 0.688 0.000 0.000 0.026 0.000   NaN 0.800 0.088 0.000 0.000 0.000   NaN 0.656   NaN 0.000
20190410 0.000 0.000 0.000 0.786 0.006   NaN 0.000 0.767 0.812 0.706 0.000 0.000 0.167   NaN 0.867 0.382 0.571 0.688 0.000   NaN 0.000   NaN 0.000
20190411 0.177 0.330 0.000 0.804 0.006   NaN 0.000 0.767 0.000 0.059 0.487 0.000 0.583   NaN 0.000 0.000 0.500 0.562 0.000   NaN 0.000   NaN 0.000
20190412 0.208 0.000 0.027 0.804 0.003   NaN 0.000 0.726 0.750 0.882 0.795 0.000 0.000   NaN 0.533 0.294 0.000 0.000 0.071   NaN 0.531   NaN 0.000
20190413 0.647 0.027 0.000 0.839 0.017   NaN 0.000 0.795 0.750 0.000 0.000 0.000 0.000   NaN 0.800 0.176 0.000 0.000 0.124   NaN 0.062   NaN 0.000
20190414 0.000 0.071 0.000 0.214 0.020   NaN 0.000 0.000 0.031 0.000 0.282 0.000 0.000   NaN 0.200 0.000 0.000 0.000 0.000   NaN 0.000   NaN 0.000
20190415 0.000 0.009 0.865 0.268 0.000   NaN 0.000 0.685 0.344 0.000 0.538 0.000 0.000   NaN 0.067 0.029 0.607 0.750 0.471   NaN 0.000   NaN 0.000
20190416 0.000 0.196 0.000 0.000 0.117   NaN 0.000 0.822 0.750 0.882 0.051 0.105 0.333   NaN 0.600 0.353 0.643 0.750 0.000   NaN 0.656   NaN 0.000
20190417 0.707 0.705 0.000 0.768 0.040   NaN 0.000 0.740 0.094 0.941 0.000 0.000 0.750   NaN 0.800 0.000 0.571 0.188 0.000   NaN 0.375   NaN 0.000
20190418 0.700 0.000 0.000 0.804 0.146   NaN 0.012 0.795 0.812 0.000 0.000 0.000 0.000   NaN 0.867 0.471 0.357 0.750 0.118   NaN 0.688   NaN 0.086
20190419 0.694 0.000 0.865 0.786 0.032   NaN 0.048 0.000 0.000 0.000 0.231 0.026 0.000   NaN 0.800 0.206 0.000 0.000 0.494   NaN 0.625   NaN 0.000
20190420 0.584 0.000 0.865 0.804 0.246   NaN 0.000 0.767 0.188 0.000 0.000 0.553 0.000   NaN 0.000 0.000 0.250 0.375 0.065   NaN 0.000   NaN 0.000
20190421 0.066 0.304 0.703 0.821 0.057   NaN 0.012 0.822 0.844 0.118 0.692 0.000 0.000   NaN 0.800 0.382 0.643 0.188 0.000   NaN 0.812   NaN 0.003
20190422 0.609 0.527 0.000 0.750 0.235   NaN 0.072 0.836 0.812 0.412 0.795 0.000 0.000   NaN 0.800 0.441 0.607 0.812 0.518   NaN 0.781   NaN 0.000
20190423 0.707 0.446 0.865 0.839 0.000   NaN 0.000 0.726 0.781 0.824 0.000 0.342 0.000   NaN 0.867 0.147 0.571 0.750 0.000   NaN 0.719   NaN 0.003
20190424 0.694 0.000 0.838 0.821 0.533   NaN 0.108 0.438 0.812 0.000 0.538 0.000 0.000   NaN 0.800 0.382 0.429 0.312 0.212   NaN 0.594   NaN 0.000
20190425 0.672 0.000 0.216 0.786 0.077   NaN 0.289 0.644 0.844 0.941 0.769 0.184 0.583   NaN 0.800 0.294 0.643 0.812 0.559   NaN 0.594   NaN 0.083
20190426 0.473 0.000 0.784 0.768 0.315   NaN 0.434 0.000 0.844 0.000 0.000 0.684 0.000   NaN 0.800 0.471 0.036 0.000 0.000   NaN 0.688   NaN 0.000
20190427 0.700 0.000 0.000 0.839 0.072   NaN 0.000 0.822 0.844 0.000 0.000 0.000 0.000   NaN 0.867 0.412 0.643 0.812 0.000   NaN 0.469   NaN 0.000
20190428 0.473 0.000 0.135 0.768 0.092   NaN 0.000 0.740 0.719 0.000 0.000 0.000 0.500   NaN 0.733 0.353 0.286 0.000 0.000   NaN 0.688   NaN 0.000
20190429 0.174 0.384 0.000 0.679 0.198   NaN 0.000 0.027 0.812 0.000 0.821 0.000 0.750   NaN 0.800 0.471 0.571 0.688 0.000   NaN 0.719   NaN 0.000
20190430 0.000 0.000 0.000 0.804 0.215   NaN 0.000 0.644 0.375 0.000 0.872 0.000 0.000   NaN 0.800 0.324 0.357 0.438 0.000   NaN 0.656   NaN 0.000
20190501 0.650 0.000 0.000 0.804 0.160   NaN 0.000 0.014 0.781 0.000 0.051 0.000 0.000   NaN 0.800 0.471 0.179 0.375 0.000   NaN 0.469   NaN 0.000
20190502 0.697 0.000 0.000 0.000 0.524   NaN 0.012 0.096 0.812 0.000 0.000 0.000 0.000   NaN 0.800 0.294 0.000 0.000 0.571   NaN 0.719   NaN 0.000
20190503 0.470 0.000 0.486 0.804 0.436   NaN 0.000 0.000 0.062 0.000 0.564 0.579 0.000   NaN 0.133 0.500 0.000 0.000 0.576   NaN 0.719   NaN 0.000
20190504 0.694 0.000 0.865 0.804 0.814   NaN 0.048 0.726 0.812 0.000 0.282 0.842 0.000   NaN 0.933 0.500 0.607 0.688 0.000   NaN 0.688   NaN 0.000
20190505 0.691 0.000 0.838 0.732 0.097   NaN 0.494 0.000 0.781 0.000 0.000 0.211 0.000   NaN 0.733 0.176 0.071 0.000 0.018   NaN 0.562   NaN 0.010
20190506 0.492 0.634 0.000 0.214 0.120   NaN 0.000 0.699 0.562 0.588 0.179 0.579 0.667   NaN 0.467 0.118 0.571 0.000 0.529   NaN 0.531   NaN 0.000
20190507 0.000 0.000 0.000 0.839 0.625   NaN 0.855 0.192 0.531 0.000 0.692 0.842 0.083   NaN 0.667 0.265 0.464 0.000 0.271   NaN 0.156   NaN 0.003
20190508 0.666 0.625 0.000 0.804 0.424   NaN 0.000 0.000 0.812 0.824 0.744 0.000 0.833   NaN 0.867 0.235 0.107 0.188 0.082   NaN 0.062   NaN 0.000
20190509 0.685 0.000 0.000 0.786 0.794   NaN 0.000 0.808 0.719 0.353 0.846 0.000 0.667   NaN 0.533 0.088 0.000 0.000 0.541   NaN 0.500   NaN 0.000
20190510 0.675 0.000 0.784 0.518 0.860   NaN 0.855 0.781 0.656 0.000 0.590 0.632 0.000   NaN 0.000 0.235 0.000 0.375 0.506   NaN 0.688   NaN 0.041
20190511 0.644 0.143 0.000 0.000 0.266   NaN 0.373 0.110 0.844 0.647 0.846 0.763 0.583   NaN 0.867 0.324 0.000 0.062 0.012   NaN 0.688   NaN 0.000
20190512 0.685 0.000 0.811 0.839 0.837   NaN 0.675 0.027 0.781 0.000 0.641 0.711 0.000   NaN 0.800 0.088 0.000 0.000 0.524   NaN 0.594   NaN 0.076
20190513 0.659 0.000 0.811 0.804 0.805   NaN 0.000 0.000 0.781 0.000 0.744 0.816 0.333   NaN 0.000 0.000 0.000 0.000 0.059   NaN 0.000   NaN 0.041
20190514 0.546 0.000 0.865 0.804 0.871   NaN 0.012 0.082 0.000 0.000 0.128 0.816 0.000   NaN 0.733 0.000 0.643 0.750 0.553   NaN 0.000   NaN 0.000
20190515 0.536 0.464 0.811 0.214 0.000   NaN 0.349 0.000 0.000 0.765 0.667 0.816 0.000   NaN 0.000 0.000 0.321 0.625 0.000   NaN 0.000   NaN 0.070
20190516 0.000 0.000 0.000 0.464 0.831   NaN 0.096 0.178 0.688 0.824 0.231 0.789 0.667   NaN 0.667 0.000 0.500 0.688 0.041   NaN 0.094   NaN 0.000
20190517 0.215 0.268 0.000 0.821 0.851   NaN 0.277 0.781 0.188 0.000 0.000 0.000 0.000   NaN 0.467 0.000 0.607 0.750 0.000   NaN 0.250   NaN 0.083
20190518 0.139 0.304 0.000 0.089 0.436   NaN 0.000 0.836 0.000 0.882 0.000 0.000 0.750   NaN 0.000 0.000 0.643 0.750 0.000   NaN 0.000   NaN 0.063
20190519 0.000 0.000 0.000 0.768 0.404   NaN 0.000 0.836 0.656 0.176 0.000 0.000 0.000   NaN 0.067 0.000 0.429 0.562 0.000   NaN 0.000   NaN 0.000
20190520 0.145 0.009 0.000 0.804 0.825   NaN 0.867 0.000 0.438 0.000 0.000 0.816 0.000   NaN 0.600 0.000 0.286 0.500 0.382   NaN 0.031   NaN 0.444
20190521 0.000 0.000 0.000 0.286 0.837   NaN 0.000 0.795 0.031 0.000 0.128 0.000 0.083   NaN 0.800 0.000 0.643 0.750 0.000   NaN 0.000   NaN 0.038
20190522 0.000 0.643 0.000 0.768 0.040   NaN 0.000 0.795 0.156 0.412 0.000 0.000 0.667   NaN 0.000 0.000 0.286 0.625 0.000   NaN 0.000   NaN 0.000
20190523 0.139 0.000 0.108 0.000 0.828   NaN 0.000 0.000 0.156 0.000 0.846 0.000 0.000   NaN 0.000 0.000 0.429 0.438 0.541   NaN 0.312   NaN 0.000
20190524 0.025 0.000 0.000 0.821 0.000   NaN 0.000 0.836 0.656 0.000 0.590 0.000 0.000   NaN 0.867 0.000 0.536 0.688 0.000   NaN 0.000   NaN 0.467
20190525 0.603 0.000 0.568 0.768 0.496   NaN 0.108 0.164 0.625 0.000 0.154 0.000 0.417   NaN 0.800 0.235 0.429 0.625 0.547   NaN 0.594   NaN 0.286
20190526 0.644 0.411 0.838 0.536 0.871   NaN 0.108 0.767 0.000 0.882 0.000 0.737 0.750   NaN 0.800 0.000 0.643 0.812 0.000   NaN 0.375   NaN 0.835
20190527 0.057 0.312 0.000 0.786 0.831   NaN 0.000 0.658 0.531 0.882 0.026 0.000 0.500   NaN 0.000 0.000 0.321 0.062 0.041   NaN 0.062   NaN 0.800
20190528 0.019 0.000 0.000 0.804 0.756   NaN 0.855 0.534 0.438 0.000 0.897 0.711 0.000   NaN 0.400 0.118 0.321 0.375 0.541   NaN 0.500   NaN 0.857
20190529 0.703 0.000 0.649 0.804 0.860   NaN 0.867 0.795 0.750 0.000 0.769 0.816 0.000   NaN 0.733 0.176 0.571 0.688 0.529   NaN 0.656   NaN 0.819
20190530 0.375 0.000 0.000 0.750 0.771   NaN 0.133 0.822 0.812 0.000 0.872 0.763 0.000   NaN 0.933 0.382 0.321 0.688 0.541   NaN 0.719   NaN 0.813
20190531 0.678 0.062 0.838 0.839 0.553   NaN 0.867 0.781 0.344 0.000 0.051 0.763 0.000   NaN 0.800 0.000 0.000 0.000 0.376   NaN 0.500   NaN 0.765
20190601 0.341 0.000 0.000 0.804 0.868   NaN 0.855 0.000 0.688 0.000 0.744 0.684 0.000   NaN 0.800 0.294 0.464 0.562 0.535   NaN 0.719   NaN 0.711
20190602 0.183 0.000 0.865 0.804 0.693   NaN 0.843 0.849 0.812 0.000 0.897 0.816 0.000   NaN 0.933 0.324 0.571 0.750 0.341   NaN 0.562   NaN 0.314
20190603 0.703 0.259 0.054 0.786 0.739   NaN 0.867 0.521 0.781 0.471 0.333 0.737 0.750   NaN 0.733 0.265 0.500 0.625 0.459   NaN 0.688   NaN 0.825
20190604 0.678 0.295 0.351 0.821 0.421   NaN 0.108 0.274 0.812 0.235 0.872 0.421 0.500   NaN 0.867 0.294 0.036 0.000 0.406   NaN 0.594   NaN 0.622
20190605 0.694 0.000 0.000 0.804 0.370   NaN 0.012 0.740 0.594 0.000 0.846 0.211 0.000   NaN 0.867 0.059 0.000 0.000 0.382   NaN 0.562   NaN 0.790
20190606 0.521 0.277 0.784 0.750 0.860   NaN 0.807 0.808 0.719 0.118 0.000 0.658 0.167   NaN 0.600 0.147 0.000 0.000 0.553   NaN 0.062   NaN 0.546
20190607 0.114 0.679 0.865 0.804 0.069   NaN 0.000 0.000 0.781 0.824 0.564 0.000 0.750   NaN 0.733 0.059 0.000 0.000 0.000   NaN 0.594   NaN 0.838
20190608 0.669 0.580 0.865 0.804 0.117   NaN 0.843 0.000 0.812 0.765 0.000 0.816 0.667   NaN 0.933 0.088 0.000 0.000 0.000   NaN 0.688   NaN 0.000
20190609 0.713 0.223 0.000 0.821 0.822   NaN 0.000 0.000 0.406 0.471 0.641 0.000 0.250   NaN 0.267 0.118 0.000 0.000 0.412   NaN 0.469   NaN 0.006
20190610 0.659 0.045 0.838 0.643 0.857   NaN 0.819 0.096 0.500 0.000 0.000 0.684 0.583   NaN 0.000 0.265 0.000 0.188 0.535   NaN 0.594   NaN 0.822
20190611 0.227 0.000 0.703 0.464 0.828   NaN 0.482 0.000 0.781 0.000 0.282 0.000 0.000   NaN 0.867 0.294 0.000 0.000 0.300   NaN 0.656   NaN 0.222
20190612 0.688 0.607 0.000 0.821 0.848   NaN 0.843 0.808 0.781 0.824 0.282 0.789 0.583   NaN 0.867 0.000 0.000 0.000 0.512   NaN 0.531   NaN 0.670
20190613 0.041 0.000 0.351 0.518 0.665   NaN 0.867 0.000 0.812 0.000 0.026 0.711 0.000   NaN 0.800 0.206 0.000 0.000 0.488   NaN 0.469   NaN 0.343
20190614 0.470 0.071 0.000 0.750 0.877   NaN 0.855 0.000 0.812 0.000 0.692 0.789 0.000   NaN 0.800 0.147 0.643 0.688 0.229   NaN 0.562   NaN 0.000
20190615 0.691 0.062 0.000 0.804 0.000   NaN 0.024 0.000 0.781 0.941 0.436 0.684 0.500   NaN 0.933 0.059 0.429 0.188 0.041   NaN 0.031   NaN 0.498
20190616 0.186 0.295 0.000 0.804 0.000   NaN 0.000 0.000 0.844 0.000 0.692 0.000 0.000   NaN 0.867 0.176 0.000 0.000 0.006   NaN 0.625   NaN 0.806
20190617 0.467 0.562 0.000 0.804 0.702   NaN 0.024 0.000 0.781 0.529 0.282 0.368 0.333   NaN 0.867 0.118 0.429 0.625 0.159   NaN 0.469   NaN 0.581
20190618 0.669 0.161 0.000 0.839 0.854   NaN 0.518 0.000 0.750 0.000 0.769 0.211 0.000   NaN 0.867 0.176 0.000 0.000 0.459   NaN 0.594   NaN 0.546
20190619 0.615 0.000 0.811 0.821 0.837   NaN 0.807 0.000 0.781 0.353 0.564 0.684 0.000   NaN 0.933 0.176 0.000 0.000 0.000   NaN 0.594   NaN 0.867
20190620 0.685 0.000 0.270 0.839 0.840   NaN 0.880 0.000 0.750 0.000 0.359 0.237 0.000   NaN 0.867 0.147 0.000 0.000 0.382   NaN 0.594   NaN 0.816
20190621 0.625 0.000 0.000 0.786 0.192   NaN 0.000 0.329 0.812 0.000 0.000 0.000 0.000   NaN 0.800 0.000 0.143 0.000 0.000   NaN 0.625   NaN 0.848
20190622 0.621 0.536 0.811 0.804 0.000   NaN 0.096 0.712 0.688 0.294 0.000 0.684 0.250   NaN 0.933 0.000 0.000 0.000 0.276   NaN 0.625   NaN 0.413
20190623 0.640 0.598 0.000 0.750 0.628   NaN 0.145 0.000 0.844 0.588 0.026 0.000 0.750   NaN 0.867 0.176 0.000 0.000 0.335   NaN 0.594   NaN 0.724
20190624 0.659 0.196 0.000 0.821 0.817   NaN 0.000 0.753 0.750 0.176 0.513 0.000 0.250   NaN 0.867 0.118 0.607 0.750 0.353   NaN 0.031   NaN 0.000
20190625 0.000 0.000 0.811 0.018 0.605   NaN 0.000 0.288 0.688 0.294 0.000 0.132 0.000   NaN 0.000 0.000 0.214 0.000 0.547   NaN 0.500   NaN 0.000
20190626 0.394 0.679 0.703 0.750 0.840   NaN 0.867 0.274 0.750 0.000 0.872 0.816 0.750   NaN 0.800 0.147 0.107 0.688 0.347   NaN 0.594   NaN 0.838
20190627 0.628 0.661 0.541 0.804 0.507   NaN 0.000 0.767 0.781 0.000 0.000 0.000 0.000   NaN 0.933 0.000 0.000 0.000 0.453   NaN 0.469   NaN 0.838
20190628 0.653 0.536 0.000 0.821 0.679   NaN 0.000 0.000 0.000 0.235 0.154 0.053 0.667   NaN 0.267 0.118 0.036 0.062 0.235   NaN 0.438   NaN 0.822
20190629 0.644 0.018 0.838 0.000 0.000   NaN 0.000 0.000 0.688 0.706 0.795 0.000 0.000   NaN 0.733 0.059 0.607 0.688 0.000   NaN 0.438   NaN 0.810
20190630 0.009 0.018 0.000 0.679 0.874   NaN 0.000 0.000 0.688 0.176 0.590 0.000 0.000   NaN 0.800 0.147 0.000 0.000 0.347   NaN 0.562   NaN 0.000
20190701 0.647 0.571 0.000 0.804 0.840   NaN 0.241 0.781 0.781 0.706 0.872 0.000 0.667   NaN 0.800 0.088 0.286 0.438 0.347   NaN 0.562   NaN 0.832
20190702 0.647 0.616 0.000 0.804 0.834   NaN 0.843 0.000 0.719 0.000 0.333 0.789 0.583   NaN 0.800 0.029 0.286 0.375 0.212   NaN 0.562   NaN 0.813
20190703 0.517 0.607 0.297 0.679 0.364   NaN 0.289 0.260 0.812 0.882 0.000 0.000 0.667   NaN 0.800 0.059 0.000 0.000 0.094   NaN 0.125   NaN 0.073
20190704 0.413 0.000 0.838 0.804 0.868   NaN 0.000 0.041 0.781 0.882 0.359 0.026 0.000   NaN 0.800 0.088 0.000 0.000 0.124   NaN 0.562   NaN 0.000
20190705 0.659 0.062 0.000 0.839 0.765   NaN 0.048 0.000 0.812 0.000 0.410 0.000 0.583   NaN 0.867 0.059 0.000 0.000 0.129   NaN 0.594   NaN 0.854
20190706 0.609 0.000 0.000 0.839 0.610   NaN 0.867 0.000 0.781 0.000 0.026 0.816 0.000   NaN 0.867 0.000 0.000 0.000 0.353   NaN 0.250   NaN 0.835
20190707 0.577 0.670 0.514 0.625 0.739   NaN 0.867 0.562 0.000 0.824 0.026 0.763 0.750   NaN 0.800 0.088 0.000 0.000 0.453   NaN 0.562   NaN 0.543
20190708 0.281 0.420 0.622 0.696 0.215   NaN 0.627 0.000 0.750 0.000 0.718 0.789 0.667   NaN 0.800 0.000 0.464 0.312 0.194   NaN 0.500   NaN 0.790
20190709 0.656 0.607 0.784 0.839 0.000   NaN 0.000 0.000 0.812 0.353 0.872 0.000 0.000   NaN 0.933 0.029 0.000 0.000 0.000   NaN 0.000   NaN 0.022
20190710 0.634 0.536 0.703 0.786 0.828   NaN 0.000 0.000 0.781 0.059 0.000 0.000 0.000   NaN 0.800 0.000 0.000 0.000 0.529   NaN 0.000   NaN 0.181
20190711 0.609 0.000 0.811 0.804 0.097   NaN 0.807 0.205 0.812 0.000 0.000 0.789 0.000   NaN 0.867 0.059 0.000 0.000 0.347   NaN 0.469   NaN 0.838
20190712 0.618 0.304 0.730 0.768 0.218   NaN 0.855 0.000 0.812 0.000 0.744 0.842 0.000   NaN 0.800 0.059 0.000 0.000 0.453   NaN 0.594   NaN 0.654
20190713 0.041 0.375 0.811 0.804 0.828   NaN 0.831 0.055 0.812 0.647 0.410 0.289 0.583   NaN 0.867 0.000 0.036 0.000 0.547   NaN 0.406   NaN 0.854
20190714 0.574 0.321 0.865 0.696 0.842   NaN 0.000 0.000 0.688 0.706 0.641 0.000 0.750   NaN 0.733 0.029 0.000 0.000 0.482   NaN 0.156   NaN 0.000
20190715 0.590 0.616 0.000 0.714 0.822   NaN 0.000 0.795 0.812 0.588 0.615 0.816 0.417   NaN 0.800 0.059 0.000 0.375 0.553   NaN 0.031   NaN 0.638
20190716 0.634 0.000 0.784 0.804 0.484   NaN 0.831 0.438 0.250 0.706 0.308 0.105 0.583   NaN 0.867 0.000 0.393 0.562 0.000   NaN 0.594   NaN 0.806
20190717 0.628 0.000 0.000 0.804 0.000   NaN 0.000 0.000 0.781 0.000 0.000 0.000 0.000   NaN 0.800 0.000 0.000 0.000 0.329   NaN 0.344   NaN 0.394
20190718 0.587 0.223 0.000 0.786 0.269   NaN 0.651 0.000 0.781 0.176 0.718 0.000 0.500   NaN 0.467 0.000 0.036 0.000 0.553   NaN 0.375   NaN 0.140
20190719 0.590 0.670 0.000 0.821 0.862   NaN 0.000 0.000 0.688 0.765 0.231 0.000 0.750   NaN 0.867 0.059 0.000 0.000 0.541   NaN 0.625   NaN 0.787
20190720 0.612 0.366 0.000 0.804 0.596   NaN 0.060 0.137 0.812 0.000 0.846 0.000 0.000   NaN 0.867 0.059 0.464 0.125 0.547   NaN 0.594   NaN 0.673
20190721 0.634 0.286 0.027 0.821 0.842   NaN 0.651 0.740 0.719 0.765 0.821 0.342 0.000   NaN 0.867 0.029 0.571 0.750 0.294   NaN 0.562   NaN 0.848
20190722 0.615 0.000 0.703 0.625 0.860   NaN 0.831 0.767 0.812 0.000 0.000 0.737 0.000   NaN 0.733 0.000 0.607 0.750 0.559   NaN 0.594   NaN 0.702
20190723 0.271 0.679 0.838 0.125 0.851   NaN 0.867 0.000 0.281 0.882 0.846 0.711 0.000   NaN 0.067 0.000 0.321 0.188 0.418   NaN 0.594   NaN 0.781
20190724 0.527 0.580 0.784 0.018 0.779   NaN 0.819 0.000 0.844 0.588 0.795 0.816 0.667   NaN 0.867 0.059 0.000 0.000 0.100   NaN 0.625   NaN 0.571
20190725 0.631 0.170 0.865 0.625 0.857   NaN 0.361 0.178 0.000 0.176 0.872 0.368 0.750   NaN 0.400 0.059 0.607 0.688 0.347   NaN 0.594   NaN 0.794
20190726 0.000 0.571 0.000 0.804 0.628   NaN 0.747 0.808 0.000 0.824 0.821 0.237 0.167   NaN 0.000 0.000 0.107 0.500 0.576   NaN 0.469   NaN 0.000
20190727 0.413 0.491 0.459 0.518 0.865   NaN 0.831 0.000 0.781 0.824 0.359 0.816 0.250   NaN 0.800 0.000 0.464 0.125 0.376   NaN 0.688   NaN 0.584
20190728 0.625 0.000 0.649 0.732 0.129   NaN 0.000 0.000 0.781 0.235 0.821 0.000 0.750   NaN 0.867 0.000 0.000 0.000 0.565   NaN 0.562   NaN 0.854
20190729 0.129 0.562 0.784 0.750 0.825   NaN 0.024 0.000 0.656 0.765 0.769 0.000 0.583   NaN 0.800 0.000 0.357 0.625 0.506   NaN 0.625   NaN 0.765
20190730 0.502 0.143 0.000 0.000 0.860   NaN 0.892 0.849 0.156 0.882 0.359 0.789 0.250   NaN 0.667 0.000 0.643 0.750 0.535   NaN 0.625   NaN 0.571
20190731 0.022 0.304 0.784 0.214 0.000   NaN 0.855 0.000 0.781 0.000 0.487 0.684 0.000   NaN 0.867 0.000 0.429 0.000 0.318   NaN 0.625   NaN 0.752
20190801 0.599 0.348 0.784 0.821 0.728   NaN 0.855 0.000 0.844 0.118 0.872 0.789 0.583   NaN 0.800 0.000 0.000 0.000 0.029   NaN 0.500   NaN 0.194
20190802 0.596 0.080 0.838 0.643 0.656   NaN 0.000 0.000 0.719 0.765 0.564 0.000 0.250   NaN 0.667 0.000 0.000 0.000 0.306   NaN 0.344   NaN 0.594
20190803 0.022 0.348 0.000 0.018 0.476   NaN 0.843 0.000 0.469 0.000 0.641 0.789 0.000   NaN 0.000 0.000 0.000 0.000 0.365   NaN 0.531   NaN 0.546
20190804 0.016 0.589 0.730 0.232 0.834   NaN 0.843 0.000 0.719 0.000 0.692 0.816 0.083   NaN 0.800 0.000 0.000 0.000 0.212   NaN 0.656   NaN 0.292
20190805 0.539 0.598 0.000 0.804 0.562   NaN 0.867 0.000 0.844 0.765 0.821 0.000 0.750   NaN 0.867 0.000 0.000 0.000 0.382   NaN 0.531   NaN 0.657
20190806 0.445 0.152 0.703 0.000 0.221   NaN 0.831 0.000 0.375 0.059 0.795 0.763 0.500   NaN 0.800 0.000 0.321 0.250 0.518   NaN 0.000   NaN 0.810
20190807 0.000 0.009 0.811 0.000 0.802   NaN 0.048 0.384 0.688 0.000 0.821 0.184 0.000   NaN 0.000 0.000 0.536 0.812 0.000   NaN 0.594   NaN 0.467
20190808 0.000 0.009 0.676 0.804 0.779   NaN 0.843 0.000 0.781 0.588 0.846 0.816 0.083   NaN 0.733 0.000 0.000 0.000 0.512   NaN 0.625   NaN 0.708
20190809 0.637 0.402 0.838 0.804 0.828   NaN 0.855 0.000 0.406 0.647 0.000 0.658 0.417   NaN 0.800 0.000 0.536 0.688 0.029   NaN 0.375   NaN 0.263
20190810 0.625 0.062 0.459 0.804 0.000   NaN 0.855 0.000 0.250 0.471 0.436 0.000 0.000   NaN 0.867 0.000 0.000 0.000 0.053   NaN 0.188   NaN 0.841
20190811 0.565 0.562 0.027 0.750 0.857   NaN 0.627 0.000 0.750 0.353 0.077 0.816 0.000   NaN 0.867 0.000 0.000 0.000 0.000   NaN 0.594   NaN 0.857
20190812 0.647 0.607 0.000 0.679 0.003   NaN 0.000 0.000 0.844 0.176 0.000 0.000 0.750   NaN 0.800 0.088 0.000 0.000 0.271   NaN 0.625   NaN 0.870
20190813 0.621 0.054 0.027 0.804 0.685   NaN 0.000 0.000 0.844 0.000 0.846 0.816 0.000   NaN 0.867 0.000 0.000 0.000 0.000   NaN 0.562   NaN 0.663
20190814 0.625 0.509 0.081 0.804 0.398   NaN 0.855 0.000 0.750 0.882 0.667 0.000 0.333   NaN 0.800 0.088 0.464 0.688 0.553   NaN 0.438   NaN 0.552
20190815 0.606 0.688 0.568 0.839 0.860   NaN 0.855 0.000 0.844 0.882 0.821 0.763 0.667   NaN 0.933 0.088 0.000 0.000 0.176   NaN 0.625   NaN 0.006
20190816 0.631 0.009 0.000 0.714 0.507   NaN 0.867 0.000 0.812 0.059 0.179 0.789 0.000   NaN 0.800 0.029 0.000 0.000 0.518   NaN 0.656   NaN 0.025
20190817 0.644 0.518 0.000 0.821 0.295   NaN 0.241 0.000 0.750 0.000 0.000 0.684 0.000   NaN 0.800 0.059 0.000 0.000 0.000   NaN 0.469   NaN 0.841
20190818 0.621 0.188 0.000 0.732 0.865   NaN 0.867 0.644 0.781 0.471 0.744 0.026 0.000   NaN 0.800 0.176 0.071 0.000 0.576   NaN 0.656   NaN 0.000
20190819 0.618 0.000 0.595 0.804 0.851   NaN 0.843 0.644 0.812 0.294 0.897 0.842 0.750   NaN 0.467 0.000 0.000 0.000 0.488   NaN 0.500   NaN 0.076
20190820 0.621 0.589 0.000 0.804 0.857   NaN 0.422 0.000 0.812 0.882 0.846 0.000 0.833   NaN 0.867 0.088 0.000 0.000 0.518   NaN 0.469   NaN 0.038
20190821 0.603 0.000 0.000 0.804 0.338   NaN 0.783 0.562 0.375 0.000 0.667 0.579 0.000   NaN 0.800 0.000 0.179 0.688 0.559   NaN 0.000   NaN 0.702
20190822 0.019 0.000 0.000 0.732 0.559   NaN 0.855 0.603 0.750 0.412 0.000 0.789 0.333   NaN 0.800 0.059 0.571 0.625 0.494   NaN 0.594   NaN 0.044
20190823 0.615 0.625 0.865 0.696 0.524   NaN 0.855 0.000 0.781 0.824 0.718 0.842 0.750   NaN 0.800 0.118 0.536 0.188 0.006   NaN 0.656   NaN 0.600
20190824 0.618 0.000 0.865 0.750 0.000   NaN 0.843 0.000 0.812 0.118 0.308 0.684 0.167   NaN 0.867 0.176 0.000 0.000 0.159   NaN 0.562   NaN 0.346
20190825 0.609 0.562 0.000 0.786 0.140   NaN 0.060 0.000 0.781 0.824 0.333 0.000 0.667   NaN 0.867 0.118 0.000 0.000 0.429   NaN 0.438   NaN 0.829
20190826 0.618 0.670 0.000 0.018 0.115   NaN 0.000 0.178 0.781 0.882 0.821 0.000 0.333   NaN 0.733 0.088 0.679 0.750 0.453   NaN 0.594   NaN 0.000
20190827 0.593 0.571 0.838 0.786 0.000   NaN 0.000 0.000 0.812 0.000 0.872 0.763 0.833   NaN 0.800 0.118 0.000 0.000 0.000   NaN 0.688   NaN 0.241
20190828 0.621 0.000 0.405 0.804 0.851   NaN 0.819 0.000 0.844 0.000 0.872 0.684 0.000   NaN 0.800 0.000 0.000 0.000 0.529   NaN 0.000   NaN 0.000
20190829 0.334 0.652 0.135 0.804 0.851   NaN 0.554 0.000 0.719 0.824 0.000 0.711 0.000   NaN 0.800 0.441 0.607 0.688 0.524   NaN 0.438   NaN 0.051
20190830 0.568 0.411 0.730 0.839 0.885   NaN 0.880 0.000 0.719 0.941 0.359 0.842 0.667   NaN 0.867 0.059 0.643 0.688 0.312   NaN 0.656   NaN 0.254
20190831 0.170 0.643 0.000 0.500 0.427   NaN 0.867 0.014 0.781 0.882 0.000 0.816 0.833   NaN 0.800 0.000 0.000 0.000 0.312   NaN 0.562   NaN 0.686
20190901 0.574 0.000 0.081 0.804 0.404   NaN 0.000 0.000 0.844 0.000 0.769 0.000 0.250   NaN 0.867 0.000 0.000 0.000 0.018   NaN 0.469   NaN 0.000
20190902 0.580 0.000 0.000 0.000 0.000   NaN 0.000 0.000 0.000 0.000 0.667 0.000 0.000   NaN 0.000 0.000 0.036 0.000 0.000   NaN 0.000   NaN 0.641
20190903 0.000 0.607 0.000 0.000 0.221   NaN 0.000 0.000 0.750 0.706 0.308 0.474 0.583   NaN 0.000 0.000 0.607 0.750 0.071   NaN 0.562   NaN 0.000
20190904 0.533 0.009 0.000 0.768 0.152   NaN 0.253 0.000 0.719 0.000 0.769 0.816 0.167   NaN 0.133 0.000 0.000 0.000 0.129   NaN 0.656   NaN 0.844
20190905 0.000 0.473 0.000 0.000 0.198   NaN 0.000 0.000 0.000 0.294 0.359 0.000 0.667   NaN 0.000 0.000 0.000 0.000 0.518   NaN 0.125   NaN 0.000
20190906 0.019 0.571 0.000 0.125 0.825   NaN 0.000 0.000 0.000 0.941 0.000 0.000 0.000   NaN 0.000 0.000 0.571 0.312 0.324   NaN 0.000   NaN 0.000
20190907 0.019 0.625 0.000 0.000 0.000   NaN 0.000 0.589 0.000 0.176 0.359 0.000 0.000   NaN 0.000 0.000 0.607 0.750 0.000   NaN 0.000   NaN 0.130
20190908 0.533 0.161 0.000 0.786 0.822   NaN 0.157 0.000 0.781 0.000 0.000 0.000 0.667   NaN 0.867 0.000 0.000 0.000 0.171   NaN 0.500   NaN 0.759
20190909 0.584 0.232 0.000 0.214 0.000   NaN 0.000 0.000 0.750 0.000 0.000 0.000 0.000   NaN 0.667 0.000 0.000 0.000 0.000   NaN 0.281   NaN 0.641
20190910 0.464 0.054 0.000 0.732 0.026   NaN 0.000 0.205 0.000 0.882 0.000 0.000 0.000   NaN 0.000 0.000 0.571 0.750 0.206   NaN 0.094   NaN 0.000
20190911 0.136 0.000 0.000 0.768 0.029   NaN 0.000 0.671 0.812 0.000 0.795 0.000 0.000   NaN 0.867 0.029 0.393 0.688 0.000   NaN 0.562   NaN 0.044
20190912 0.615 0.179 0.000 0.768 0.000   NaN 0.000 0.000 0.812 0.000 0.821 0.000 0.000   NaN 0.800 0.235 0.000 0.000 0.000   NaN 0.594   NaN 0.000
20190913 0.618 0.214 0.676 0.804 0.410   NaN 0.000 0.000 0.750 0.235 0.231 0.000 0.417   NaN 0.800 0.000 0.000 0.000 0.418   NaN 0.156   NaN 0.000
20190914 0.580 0.098 0.270 0.393 0.648   NaN 0.000 0.000 0.000 0.471 0.000 0.000 0.000   NaN 0.067 0.059 0.000 0.000 0.188   NaN 0.500   NaN 0.070
20190915 0.227 0.125 0.000 0.214 0.000   NaN 0.000 0.000 0.000 0.000 0.872 0.000 0.833   NaN 0.000 0.088 0.000 0.000 0.424   NaN 0.594   NaN 0.022
20190916 0.148 0.545 0.162 0.750 0.696   NaN 0.831 0.000 0.219 0.765 0.821 0.000 0.583   NaN 0.800 0.000 0.000 0.000 0.271   NaN 0.000   NaN 0.235
20190917 0.609 0.071 0.297 0.804 0.421   NaN 0.072 0.000 0.500 0.824 0.000 0.000 0.000   NaN 0.600 0.000 0.179 0.000 0.076   NaN 0.000   NaN 0.606
20190918 0.539 0.688 0.784 0.750 0.000   NaN 0.361 0.795 0.000 0.941 0.000 0.000 0.667   NaN 0.667 0.000 0.071 0.250 0.529   NaN 0.125   NaN 0.000
20190919 0.274 0.652 0.000 0.661 0.840   NaN 0.831 0.000 0.406 0.941 0.256 0.763 0.750   NaN 0.733 0.059 0.536 0.625 0.518   NaN 0.094   NaN 0.060
20190920 0.025 0.036 0.595 0.821 0.020   NaN 0.000 0.000 0.812 0.000 0.000 0.000 0.583   NaN 0.867 0.000 0.000 0.000 0.000   NaN 0.000   NaN 0.432
20190921 0.625 0.607 0.000 0.821 0.000   NaN 0.000 0.000 0.719 0.882 0.000 0.000 0.583   NaN 0.600 0.000 0.679 0.812 0.000   NaN 0.469   NaN 0.124
20190922 0.470 0.000 0.000 0.339 0.822   NaN 0.000 0.781 0.000 0.000 0.718 0.000 0.917   NaN 0.733 0.000 0.643 0.750 0.006   NaN 0.000   NaN 0.508
20190923 0.252 0.000 0.838 0.411 0.854   NaN 0.855 0.123 0.781 0.000 0.000 0.816 0.250   NaN 0.800 0.118 0.464 0.625 0.459   NaN 0.594   NaN 0.559
20190924 0.558 0.000 0.703 0.804 0.000   NaN 0.000 0.000 0.844 0.000 0.026 0.000 0.417   NaN 0.867 0.265 0.000 0.000 0.159   NaN 0.500   NaN 0.298
20190925 0.375 0.161 0.865 0.750 0.172   NaN 0.277 0.753 0.781 0.824 0.205 0.842 0.750   NaN 0.800 0.000 0.679 0.812 0.365   NaN 0.562   NaN 0.051
20190926 0.413 0.000 0.676 0.000 0.003   NaN 0.578 0.822 0.125 0.000 0.000 0.000 0.417   NaN 0.000 0.000 0.571 0.688 0.000   NaN 0.594   NaN 0.352
20190927 0.347 0.670 0.000 0.411 0.458   NaN 0.000 0.000 0.844 0.824 0.000 0.000 0.917   NaN 0.867 0.147 0.000 0.000 0.000   NaN 0.656   NaN 0.098
20190928 0.032 0.000 0.865 0.804 0.372   NaN 0.627 0.000 0.812 0.294 0.000 0.842 0.500   NaN 0.800 0.000 0.000 0.000 0.000   NaN 0.344   NaN 0.778
20190929 0.000 0.554 0.000 0.804 0.000   NaN 0.000 0.740 0.000 0.824 0.000 0.000 0.417   NaN 0.600 0.000 0.679 0.750 0.000   NaN 0.000   NaN 0.000
20190930 0.126 0.000 0.000 0.446 0.000   NaN 0.000 0.767 0.438 0.000 0.000 0.000 0.750   NaN 0.533 0.000 0.571 0.750 0.000   NaN 0.344   NaN 0.000
20191001 0.675 0.000 0.000 0.804 0.006   NaN 0.048 0.000 0.719 0.706 0.821 0.000 0.000   NaN 0.800 0.000 0.000 0.000 0.000   NaN 0.594   NaN 0.029
20191002 0.675 0.000 0.000 0.821 0.000   NaN 0.000 0.000 0.719 0.000 0.795 0.000 0.000   NaN 0.800 0.059 0.000 0.000 0.000   NaN 0.000   NaN 0.022
20191003 0.672 0.089 0.000 0.786 0.072   NaN 0.000 0.781 0.344 0.000 0.179 0.000 0.000   NaN 0.467 0.000 0.000 0.000 0.018   NaN 0.000   NaN 0.000
20191004 0.000 0.036 0.486 0.786 0.000   NaN 0.000 0.822 0.781 0.000 0.000 0.000 0.333   NaN 0.800 0.000 0.536 0.750 0.018   NaN 0.438   NaN 0.860
20191005 0.647 0.634 0.000 0.839 0.000   NaN 0.000 0.000 0.812 0.882 0.000 0.000 0.750   NaN 0.800 0.294 0.000 0.000 0.000   NaN 0.594   NaN 0.000
20191006 0.685 0.000 0.892 0.804 0.301   NaN 0.000 0.000 0.781 0.000 0.821 0.605 0.000   NaN 0.800 0.235 0.000 0.000 0.371   NaN 0.344   NaN 0.146
20191007 0.634 0.000 0.730 0.411 0.289   NaN 0.855 0.027 0.000 0.000 0.000 0.684 0.000   NaN 0.000 0.118 0.036 0.562 0.571   NaN 0.438   NaN 0.000
20191008 0.054 0.679 0.838 0.786 0.387   NaN 0.855 0.000 0.844 0.941 0.564 0.158 0.000   NaN 0.867 0.000 0.250 0.750 0.371   NaN 0.000   NaN 0.867
20191009 0.211 0.009 0.865 0.804 0.000   NaN 0.000 0.000 0.844 0.118 0.692 0.842 0.583   NaN 0.800 0.000 0.000 0.000 0.000   NaN 0.719   NaN 0.006
20191010 0.442 0.089 0.000 0.821 0.000   NaN 0.000 0.000 0.719 0.765 0.744 0.000 0.000   NaN 0.800 0.000 0.393 0.562 0.000   NaN 0.031   NaN 0.006
20191011 0.451 0.688 0.000 0.304 0.000   NaN 0.000 0.644 0.250 0.882 0.000 0.000 0.000   NaN 0.600 0.000 0.679 0.750 0.324   NaN 0.625   NaN 0.000
20191012 0.013 0.634 0.649 0.339 0.000   NaN 0.205 0.000 0.781 0.000 0.872 0.000 0.000   NaN 0.867 0.059 0.571 0.750 0.000   NaN 0.250   NaN 0.308
20191013 0.634 0.527 0.000 0.804 0.006   NaN 0.145 0.000 0.250 0.706 0.000 0.000 0.000   NaN 0.667 0.529 0.000 0.000 0.006   NaN 0.531   NaN 0.029
20191014 0.666 0.518 0.784 0.786 0.003   NaN 0.000 0.055 0.656 0.000 0.436 0.763 0.167   NaN 0.800 0.294 0.250 0.000 0.006   NaN 0.250   NaN 0.013
20191015 0.470 0.661 0.000 0.446 0.000   NaN 0.000 0.822 0.781 0.647 0.000 0.000 0.750   NaN 0.800 0.000 0.000 0.000 0.000   NaN 0.000   NaN 0.127
20191016 0.057 0.000 0.054 0.071 0.000   NaN 0.000 0.548 0.062 0.000 0.615 0.000 0.000   NaN 0.000 0.000 0.000 0.000 0.041   NaN 0.000   NaN 0.105
20191017 0.000 0.000 0.649 0.804 0.000   NaN 0.855 0.000 0.812 0.000 0.000 0.816 0.000   NaN 0.400 0.206 0.000 0.000 0.000   NaN 0.125   NaN 0.460
20191018 0.599 0.000 0.027 0.804 0.000   NaN 0.434 0.000 0.750 0.000 0.000 0.316 0.000   NaN 0.800 0.000 0.679 0.812 0.018   NaN 0.375   NaN 0.286
20191019 0.000 0.652 0.000 0.750 0.138   NaN 0.880 0.110 0.000 0.882 0.000 0.842 0.833   NaN 0.067 0.000 0.000 0.000 0.447   NaN 0.000   NaN 0.000
20191020 0.003 0.000 0.324 0.786 0.330   NaN 0.530 0.000 0.812 0.000 0.000 0.000 0.000   NaN 0.800 0.000 0.000 0.000 0.000   NaN 0.000   NaN 0.743
20191021 0.085 0.411 0.000 0.786 0.198   NaN 0.000 0.342 0.781 0.647 0.000 0.000 0.583   NaN 0.867 0.206 0.536 0.500 0.241   NaN 0.469   NaN 0.000
20191022 0.621 0.000 0.000 0.804 0.086   NaN 0.000 0.493 0.812 0.000 0.154 0.000 0.167   NaN 0.800 0.000 0.000 0.562 0.541   NaN 0.438   NaN 0.003
20191023 0.054 0.705 0.595 0.000 0.696   NaN 0.012 0.767 0.719 0.882 0.077 0.079 0.333   NaN 0.333 0.353 0.679 0.812 0.100   NaN 0.688   NaN 0.000
20191024 0.224 0.464 0.757 0.804 0.828   NaN 0.855 0.000 0.688 0.000 0.000 0.395 0.667   NaN 0.333 0.118 0.143 0.500 0.124   NaN 0.406   NaN 0.149
20191025 0.656 0.000 0.838 0.804 0.020   NaN 0.880 0.479 0.844 0.000 0.692 0.842 0.000   NaN 0.933 0.471 0.000 0.000 0.218   NaN 0.656   NaN 0.000
20191026 0.640 0.455 0.649 0.804 0.066   NaN 0.060 0.000 0.656 0.000 0.000 0.605 0.083   NaN 0.467 0.000 0.286 0.500 0.000   NaN 0.312   NaN 0.762
20191027 0.000 0.000 0.811 0.554 0.000   NaN 0.000 0.507 0.719 0.000 0.000 0.000 0.000   NaN 0.000 0.000 0.000 0.000 0.000   NaN 0.688   NaN 0.000
20191028 0.069 0.062 0.000 0.821 0.358   NaN 0.000 0.000 0.781 0.941 0.000 0.000 0.000   NaN 0.867 0.088 0.000 0.000 0.029   NaN 0.625   NaN 0.213
20191029 0.000 0.188 0.595 0.821 0.000   NaN 0.000 0.000 0.750 0.647 0.590 0.000 0.000   NaN 0.800 0.000 0.000 0.000 0.000   NaN 0.125   NaN 0.854
20191030 0.148 0.134 0.054 0.446 0.258   NaN 0.000 0.795 0.188 0.000 0.282 0.000 0.000   NaN 0.600 0.000 0.000 0.000 0.076   NaN 0.094   NaN 0.000
20191031 0.000 0.000 0.000 0.071 0.000   NaN 0.867 0.397 0.781 0.000 0.000 0.105 0.000   NaN 0.800 0.029 0.071 0.375 0.000   NaN 0.625   NaN 0.057
20191101 0.385 0.295 0.000 0.804 0.000   NaN 0.000 0.000 0.812 0.000 0.359 0.000 0.833   NaN 0.800 0.206 0.179 0.375 0.000   NaN 0.656   NaN 0.000
20191102 0.426 0.188 0.865 0.821 0.000   NaN 0.000 0.000 0.750 0.000 0.000 0.000 0.167   NaN 0.867 0.265 0.143 0.188 0.235   NaN 0.281   NaN 0.025
20191103 0.120 0.054 0.000 0.696 0.000   NaN 0.000 0.000 0.812 0.000 0.000 0.000 0.833   NaN 0.800 0.412 0.643 0.750 0.006   NaN 0.656   NaN 0.000
20191104 0.069 0.009 0.000 0.500 0.060   NaN 0.000 0.356 0.812 0.000 0.000 0.000 0.750   NaN 0.800 0.529 0.143 0.562 0.294   NaN 0.656   NaN 0.000
20191105 0.615 0.000 0.838 0.821 0.000   NaN 0.373 0.000 0.812 0.000 0.000 0.632 0.000   NaN 0.800 0.088 0.000 0.000 0.000   NaN 0.000   NaN 0.333
20191106 0.599 0.321 0.000 0.821 0.000   NaN 0.000 0.000 0.719 0.294 0.000 0.000 0.500   NaN 0.667 0.176 0.464 0.688 0.282   NaN 0.281   NaN 0.083
20191107 0.580 0.000 0.000 0.804 0.000   NaN 0.000 0.808 0.781 0.000 0.103 0.000 0.000   NaN 0.800 0.000 0.429 0.062 0.188   NaN 0.000   NaN 0.000
20191108 0.148 0.330 0.000 0.000 0.000   NaN 0.000 0.562 0.812 0.118 0.641 0.000 0.833   NaN 0.800 0.559 0.000 0.250 0.000   NaN 0.656   NaN 0.010
20191109 0.609 0.062 0.541 0.696 0.000   NaN 0.000 0.000 0.750 0.000 0.000 0.000 0.667   NaN 0.933 0.029 0.393 0.562 0.000   NaN 0.000   NaN 0.000
20191110 0.366 0.000 0.000 0.768 0.000   NaN 0.000 0.123 0.812 0.000 0.000 0.000 0.000   NaN 0.867 0.294 0.643 0.688 0.000   NaN 0.438   NaN 0.124
20191111 0.442 0.000 0.000 0.786 0.000   NaN 0.000 0.795 0.031 0.000 0.000 0.053 0.000   NaN 0.000 0.000 0.000 0.000 0.041   NaN 0.031   NaN 0.000
20191112 0.000 0.089 0.054 0.625 0.000   NaN 0.000 0.192 0.781 0.000 0.000 0.500 0.000   NaN 0.867 0.000 0.000 0.000 0.000   NaN 0.000   NaN 0.324
20191113 0.628 0.500 0.000 0.554 0.000   NaN 0.000 0.014 0.688 0.000 0.000 0.000 0.667   NaN 0.000 0.000 0.464 0.625 0.000   NaN 0.281   NaN 0.000
20191114 0.069 0.000 0.000 0.839 0.000   NaN 0.000 0.000 0.219 0.000 0.000 0.000 0.000   NaN 0.000 0.059 0.000 0.000 0.394   NaN 0.000   NaN 0.000
20191115 0.082 0.000 0.000 0.339 0.000   NaN 0.000 0.000 0.688 0.000 0.000 0.289 0.833   NaN 0.400 0.471 0.000 0.000 0.194   NaN 0.031   NaN 0.067
20191116 0.347 0.580 0.000 0.625 0.000   NaN 0.000 0.753 0.812 0.824 0.000 0.316 0.917   NaN 0.800 0.529 0.000 0.000 0.012   NaN 0.000   NaN 0.006
20191117 0.603 0.161 0.000 0.821 0.000   NaN 0.000 0.000 0.781 0.000 0.000 0.000 0.000   NaN 0.800 0.353 0.000 0.000 0.000   NaN 0.031   NaN 0.000
20191118 0.000 0.000 0.000 0.804 0.003   NaN 0.000 0.000 0.625 0.000 0.000 0.000 0.000   NaN 0.600 0.029 0.000 0.000 0.382   NaN 0.000   NaN 0.000
20191119 0.000 0.000 0.000 0.000 0.000   NaN 0.000 0.808 0.719 0.118 0.000 0.000 0.000   NaN 0.533 0.382 0.000 0.000 0.529   NaN 0.250   NaN 0.000
20191120 0.000 0.000 0.000 0.000 0.000   NaN 0.000 0.795 0.000 0.000 0.795 0.000 0.000   NaN 0.000 0.000 0.286 0.625 0.000   NaN 0.656   NaN 0.000
20191121 0.000 0.098 0.000 0.000 0.000   NaN 0.000 0.397 0.812 0.000 0.462 0.000 0.583   NaN 0.600 0.000 0.071 0.062 0.159   NaN 0.594   NaN 0.000
20191122 0.000 0.000 0.000 0.786 0.000   NaN 0.000 0.822 0.344 0.000 0.000 0.000 0.000   NaN 0.000 0.029 0.107 0.250 0.341   NaN 0.312   NaN 0.105
20191123 0.420 0.366 0.000 0.696 0.000   NaN 0.000 0.795 0.844 0.353 0.000 0.026 0.750   NaN 0.667 0.353 0.000 0.062 0.012   NaN 0.625   NaN 0.013
20191124 0.085 0.000 0.000 0.768 0.000   NaN 0.000 0.384 0.531 0.000 0.821 0.000 0.000   NaN 0.000 0.000 0.643 0.750 0.065   NaN 0.562   NaN 0.000
20191125 0.000 0.107 0.000 0.821 0.000   NaN 0.000 0.205 0.656 0.000 0.231 0.000 0.500   NaN 0.800 0.059 0.429 0.562 0.024   NaN 0.031   NaN 0.000
20191126 0.174 0.143 0.162 0.750 0.000   NaN 0.000 0.000 0.000 0.706 0.154 0.000 0.250   NaN 0.000 0.000 0.393 0.438 0.065   NaN 0.000   NaN 0.000
20191127 0.000 0.000 0.000 0.196 0.000   NaN 0.000 0.466 0.094 0.000 0.000 0.000 0.000   NaN 0.000 0.000 0.321 0.750 0.300   NaN 0.000   NaN 0.000
20191128 0.000 0.000 0.000 0.696 0.000   NaN 0.000 0.699 0.688 0.000 0.000 0.000 0.000   NaN 0.000 0.000 0.000 0.000 0.000   NaN 0.281   NaN 0.254
20191129 0.000 0.000 0.000 0.714 0.000   NaN 0.000 0.795 0.156 0.000 0.000 0.000 0.417   NaN 0.400 0.000 0.571 0.688 0.000   NaN 0.094   NaN 0.057
20191130 0.454 0.562 0.000 0.446 0.000   NaN 0.000 0.822 0.000 0.765 0.000 0.000 0.333   NaN 0.000 0.000 0.000 0.000 0.000   NaN 0.000   NaN 0.146
20191201 0.000 0.000 0.000 0.000 0.000   NaN 0.000 0.822 0.000 0.000 0.000 0.000 0.000   NaN 0.000 0.000 0.000 0.000 0.000   NaN 0.000   NaN 0.746
20191202 0.006 0.000 0.676 0.607 0.000   NaN 0.000 0.000 0.000 0.000 0.000 0.000 0.000   NaN 0.533 0.000 0.250 0.500 0.182   NaN 0.000   NaN 0.727
20191203 0.539 0.411 0.297 0.000 0.000   NaN 0.000 0.808 0.719 0.000 0.000 0.000 0.000   NaN 0.000 0.000 0.607 0.688 0.235   NaN 0.125   NaN 0.000
20191204 0.009 0.000 0.000 0.000 0.000   NaN 0.000 0.699 0.000 0.000 0.000 0.000 0.000   NaN 0.000 0.000 0.607 0.750 0.341   NaN 0.000   NaN 0.000
20191205 0.000 0.009 0.000 0.000 0.000   NaN 0.000 0.603 0.844 0.000 0.000 0.000 0.750   NaN 0.000 0.000 0.679 0.750 0.000   NaN 0.000   NaN 0.000
20191206 0.331 0.000 0.000 0.000 0.000   NaN 0.000 0.562 0.812 0.000 0.000 0.000 0.000   NaN 0.267 0.000 0.000 0.000 0.000   NaN 0.000   NaN 0.000
20191207 0.000 0.000 0.027 0.000 0.000   NaN 0.000 0.384 0.156 0.000 0.000 0.000 0.417   NaN 0.600 0.000 0.464 0.250 0.000   NaN 0.000   NaN 0.479
20191208 0.028 0.000 0.000 0.000 0.000   NaN 0.000 0.671 0.000 0.000 0.000 0.000 0.833   NaN 0.000 0.000 0.500 0.750 0.000   NaN 0.000   NaN 0.000
20191209 0.095 0.000 0.000 0.786 0.000   NaN 0.000 0.849 0.812 0.000 0.000 0.000 0.000   NaN 0.800 0.000 0.000 0.000 0.000   NaN 0.000   NaN 0.000
20191210 0.404 0.000 0.000 0.839 0.000   NaN 0.000 0.493 0.812 0.000 0.000 0.000 0.000   NaN 0.000 0.000 0.286 0.312 0.000   NaN 0.000   NaN 0.025
20191211 0.000 0.179 0.000 0.839 0.000   NaN 0.000 0.096 0.000 0.000 0.000 0.000 0.000   NaN 0.000 0.000 0.571 0.688 0.000   NaN 0.000   NaN 0.000
20191212 0.000 0.232 0.000 0.232 0.000   NaN 0.000 0.192 0.000 0.882 0.026 0.000 0.917   NaN 0.667 0.000 0.679 0.812 0.000   NaN 0.000   NaN 0.000
20191213 0.032 0.250 0.000 0.714 0.000   NaN 0.000 0.000 0.000 0.118 0.000 0.000 0.000   NaN 0.667 0.000 0.000 0.000 0.000   NaN 0.000   NaN 0.000
20191214 0.483 0.000 0.000 0.339 0.000   NaN 0.000 0.000 0.812 0.000 0.000 0.000 0.000   NaN 0.867 0.206 0.250 0.312 0.000   NaN 0.000   NaN 0.000
20191215 0.016 0.000 0.000 0.804 0.000   NaN 0.000 0.836 0.438 0.000 0.026 0.000 0.000   NaN 0.200 0.000 0.643 0.812 0.000   NaN 0.469   NaN 0.000
20191216 0.177 0.259 0.000 0.804 0.000   NaN 0.000 0.808 0.781 0.000 0.179 0.000 0.000   NaN 0.467 0.000 0.643 0.750 0.000   NaN 0.000   NaN 0.013
20191217 0.174 0.000 0.000 0.446 0.000   NaN 0.000 0.493 0.000 0.000 0.000 0.000 0.000   NaN 0.000 0.000 0.000 0.000 0.012   NaN 0.000   NaN 0.051
20191218 0.000 0.000 0.000 0.036 0.000   NaN 0.000 0.000 0.781 0.000 0.179 0.000 0.000   NaN 0.800 0.000 0.214 0.562 0.000   NaN 0.000   NaN 0.000
20191219 0.211 0.482 0.000 0.804 0.000   NaN 0.000 0.096 0.344 0.000 0.000 0.000 0.417   NaN 0.867 0.000 0.679 0.750 0.000   NaN 0.000   NaN 0.022
20191220 0.003 0.393 0.000 0.768 0.000   NaN 0.000 0.000 0.000 0.000 0.077 0.000 0.667   NaN 0.000 0.000 0.321 0.625 0.012   NaN 0.000   NaN 0.000
20191221 0.000 0.000 0.000 0.000 0.000   NaN 0.000 0.000 0.000 0.000 0.000 0.000 0.000   NaN 0.000 0.118 0.000 0.000 0.000   NaN 0.000   NaN 0.000
20191222 0.000 0.000 0.216 0.000 0.000   NaN 0.000 0.000 0.000 0.000 0.667 0.000 0.000   NaN 0.867 0.000 0.000 0.000 0.000   NaN 0.000   NaN 0.000
20191223 0.000 0.000 0.027 0.000 0.000   NaN 0.000 0.178 0.000 0.000 0.000 0.000 0.000   NaN 0.000 0.000 0.000 0.000 0.000   NaN 0.562   NaN 0.054
20191224 0.013 0.393 0.000 0.179 0.000   NaN 0.000 0.822 0.781 0.000 0.103 0.000 0.750   NaN 0.533 0.000 0.643 0.375 0.000   NaN 0.000   NaN 0.000
20191225 0.032 0.000 0.000 0.821 0.000   NaN 0.000 0.000 0.062 0.000 0.000 0.000 0.000   NaN 0.867 0.000 0.000 0.000 0.000   NaN 0.000   NaN 0.000
20191226 0.006 0.000 0.703 0.000 0.000   NaN 0.000 0.630 0.188 0.000 0.000 0.000 0.000   NaN 0.000 0.000 0.464 0.625 0.000   NaN 0.469   NaN 0.000
20191227 0.391 0.000 0.000 0.804 0.000   NaN 0.000 0.370 0.656 0.000 0.000 0.000 0.000   NaN 0.200 0.000 0.000 0.000 0.065   NaN 0.000   NaN 0.000
20191228 0.013 0.554 0.000 0.679 0.000   NaN 0.000 0.315 0.000 0.000 0.000 0.000 0.833   NaN 0.867 0.000 0.000 0.000 0.000   NaN 0.031   NaN 0.000
20191229 0.000 0.000 0.000 0.518 0.000   NaN 0.000 0.000 0.000 0.000 0.000 0.000 0.000   NaN 0.000 0.000 0.000 0.000 0.000   NaN 0.000   NaN 0.000
20191230 0.000 0.000 0.000 0.000 0.000   NaN 0.000 0.000 0.688 0.000 0.000 0.000 0.000   NaN 0.000 0.000 0.000 0.000 0.000   NaN 0.250   NaN 0.000
20191231 0.016 0.000 0.000 0.000 0.000   NaN 0.000 0.822 0.000 0.000 0.000 0.000 0.000   NaN 0.000 0.000 0.607 0.750 0.012   NaN 0.000   NaN 0.000
